{
 "name": "C5",
 "size": 5,
 "members": [
  {
   "g": [
    1.0,
    -0.0,
    0.0,
    0.0,
    1.0,
    0.0,
    0.0,
    0.0,
    1.0
   ],
   "i": [
    1.0,
    0.0,
    0.0,
    0.0,
    1.0,
    0.0,
    0.0,
    0.0,
    1.0
   ],
   "t": false
  },
  {
   "g": [
    0.30901699,
    -0.95105652,
    0.0,
    0.95105652,
    0.30901699,
    0.0,
    0.0,
    0.0,
    1.0
   ],
   "i": [
    0.30901699,
    0.95105652,
    0.0,
    -0.95105652,
    0.30901699,
    -0.0,
    0.0,
    0.0,
    1.0
   ],
   "t": false
  },
  {
   "g": [
    -0.80901699,
    -0.58778525,
    0.0,
    0.58778525,
    -0.80901699,
    0.0,
    0.0,
    0.0,
    1.0
   ],
   "i": [
    -0.80901699,
    0.58778525,
    -0.0,
    -0.58778525,
    -0.80901699,
    -0.0,
    0.0,
    0.0,
    1.0
   ],
   "t": false
  },
  {
   "g": [
    -0.80901699,
    0.58778525,
    0.0,
    -0.58778525,
    -0.80901699,
    0.0,
    0.0,
    0.0,
    1.0
   ],
   "i": [
    -0.80901699,
    -0.58778525,
    -0.0,
    0.58778525,
    -0.80901699,
    -0.0,
    0.0,
    0.0,
    1.0
   ],
   "t": false
  },
  {
   "g": [
    0.30901699,
    0.95105652,
    0.0,
    -0.95105652,
    0.30901699,
    0.0,
    0.0,
    0.0,
    1.0
   ],
   "i": [
    0.30901699,
    -0.95105652,
    -0.0,
    0.95105652,
    0.30901699,
    0.0,
    0.0,
    0.0,
    1.0
   ],
   "t": false
  }
 ]
}